27239842.200    0.000    0.000
23670427.977    1051384914.225    1057518670.131
22902539.256    1222279368.030    1228350274.840
22039002.251    1399720234.430    1404867389.519
21091619.421    1577283184.557    1581569386.192
20065004.840    1750218970.774    1751982973.292
18977251.505    1910372557.187    1911068082.857
17836498.825    2057214102.824    2054896246.676
16653903.461    2186323132.706    2183454724.666
15460383.014    2294683749.144    2290401205.592
14281592.823    2383153343.690    2378548877.576
13172529.852    2447624695.862    2444788334.246
12284692.644    2488988037.407    2488008321.816
10921939.261    2528241464.361    2531539193.585
9162837.767    2524629984.906    2535868875.057
7278859.871    2454753802.672    2476592554.477
5381983.139    2308859192.078    2342360100.339
3508045.760    2090269155.519    2131254223.305
1751848.114    1811102691.733    1849695105.496
88980.785    1479735936.890    1500303440.443
-1446050.854    1095011761.556    1106198320.255
-2786441.242    693551525.546    698153223.745
-3900058.839    305602645.917    305627207.069
-4529506.958    53778257.513    53658798.009
-4645200.000    -0.000    0.000
